origin:
  latitude: 30.7644525
  longitude: 103.9831145
