origin:
  latitude: 30.7659525
  longitude: 103.98461449999999
