origin:
  latitude: 30.7658525
  longitude: 103.9845145
