origin:
  latitude: 30.7645525
  longitude: 103.9832145
