origin:
  latitude: 30.7660525
  longitude: 103.9847145
