origin:
  latitude: 30.7656525
  longitude: 103.9843145
