origin:
  latitude: 30.765452500000002
  longitude: 103.9841145
