origin:
  latitude: 30.7663525
  longitude: 103.9850145
