origin:
  latitude: 30.7657525
  longitude: 103.9844145
