origin:
  latitude: 30.7661525
  longitude: 103.9848145
