origin:
  latitude: 30.765552500000002
  longitude: 103.9842145
