origin:
  latitude: 30.7662525
  longitude: 103.9849145
