origin:
  latitude: 30.7673525
  longitude: 103.9860145
