origin:
  latitude: 30.766752500000003
  longitude: 103.9854145
