origin:
  latitude: 30.7646525
  longitude: 103.9833145
