origin:
  latitude: 30.766952500000002
  longitude: 103.9856145
