origin:
  latitude: 30.766852500000002
  longitude: 103.9855145
