origin:
  latitude: 30.7665525
  longitude: 103.9852145
