origin:
  latitude: 30.7664525
  longitude: 103.9851145
