origin:
  latitude: 30.7671525
  longitude: 103.9858145
