origin:
  latitude: 30.7666525
  longitude: 103.9853145
