origin:
  latitude: 30.7672525
  longitude: 103.98591449999999
