origin:
  latitude: 30.767052500000002
  longitude: 103.9857145
