origin:
  latitude: 30.7674525
  longitude: 103.9861145
