origin:
  latitude: 30.7647525
  longitude: 103.9834145
