origin:
  latitude: 30.7648525
  longitude: 103.9835145
