origin:
  latitude: 30.7649525
  longitude: 103.9836145
