origin:
  latitude: 30.7650525
  longitude: 103.9837145
