origin:
  latitude: 30.7651525
  longitude: 103.9838145
