origin:
  latitude: 30.765252500000003
  longitude: 103.9839145
