origin:
  latitude: 30.765352500000002
  longitude: 103.9840145
